00삼천당제약        000250       2066 024008400   
00중앙에너비스      000440       2084 027009400   
00신라섬유          001000       2058 024008400   
00안국약품          001540       2066 024008300   
00무림SP            001810       2062 024008400   
00이화공영          001840       2081 026010410   
00피에스텍          002230       2074 024008400   
00삼일기업공사      002290       2081 026010400   
00영남제분          002680       2056 024008400   
00선광              003100       2090 029009300   
00대주산업          003310       2056 024008400   
00포스코켐텍        003670       2067 024008200907
00에이스침대        003800       2077 024008300   
00울트라건설        004320       2081 026010400   
00울트라건설우      004325       2081 026010 00   
00한국가구          004590       2077 024008400   
00대륙제관          004780       2068 024008300   
10렉스엘이앤지      004790       2157 043015400   
00동국산업          005160       2068 024008300   
00동진쎄미켐        005290       2159 043015300   
00푸드웰            005670       2056 024008400   
00대원산업          005710       2075 024008300   
00한일사료          005860       2056 024008400   
00매일유업          005990       2056 024008200   
00국영지앤엠        006050       2067 024008400   
00피제이전자        006140       2074 024008300   
00대양제지          006580       2062 024008400   
00서부T&D           006730       2085 027009202   
00보성파워텍        006910       2068 024008410   
00모헨즈            006920       2067 024008400   
00푸른저축은행      007330       2092 031011400   
00진양제약          007370       2066 024008400   
10네이처셀          007390       2056 024008400   
00영신금속          007530       2068 024008400   
00대명엔터프라이즈  007720       2157 043015300   
00한일화학          007770       2065 024008400   
00신흥기계          007820       2070 024008310   
00원풍물산          008290       2058 024008400   
00원풍              008370       2065 024008400   
00부스타            008470       2068 024008410   
00행남자기          008800       2067 024008400   
00대동기어          008830       2070 024008400   
00삼아제약          009300       2066 024008400   
00포스코엠텍        009520       2068 024008200   
00삼보산업          009620       2068 024008400   
00DS제강            009730       2068 024008400   
00엠에스씨          009780       2056 024008400   
00대한광통신        010170       2157 043015400   
00흥국              010240       2070 024008400   
00쌍용정보통신      010280       2156 042015400912
00오리콤            010470       2099 033012400911
00나노트로닉스      010670       2074 024008300   
00경동제약          011040       2066 024008300   
00우성I&C           011080       2058 024008400   
00유니크            011320       2075 024008410   
00서한              011370       2081 026010300   
00세보엠이씨        011560       2082 026010400   
00뉴인텍            012340       2160 043015410   
00원일특강          012620       2068 024008400   
10쌍용건설          012650       2081 026010300912
00리드코프          012700       2084 027009300   
00신일제약          012790       2066 024008400   
00대동              012860       2075 024008410   
00하이록코리아      013030       2068 024008200   
00동원개발          013120       2081 026010300   
00AJS               013340       2068 024008410   
00동성하이켐        013450       2065 024008300   
00청보산업          013720       2075 024008400   
00스페코            013810       2070 024008400   
00아가방컴퍼니      013990       2084 027009200   
00보령메디앙스      014100       2065 024008300   
00원익큐브          014190       2084 027009400   
00광림              014200       2075 024008400   
00리홈쿠첸          014470       2085 027009300   
00고려제약          014570       2066 024008400   
00성광벤드          014620       2068 024008202   
10오리엔탈정공      014940       2075 024008200   
00삼륭물산          014970       2062 024008400   
00코콤              015710       2157 043015400   
00성우하이텍        015750       2075 024008202   
00산성앨엔에스      016100       2062 024008300   
00로엔              016170       2063 024008200   
00이테크건설        016250       2081 026010300926
00큐캐피탈          016600       2092 031011400   
00포비스티앤씨      016670       2084 027009400   
00카스              016920       2084 027009400   
00신원종합개발      017000       2081 026010400   
00인터엠            017250       2072 024008400   
00삼현철강          017480       2068 024008400   
00세명전기          017510       2068 024008300   
00대림제지          017650       2062 024008400   
00데코네티션        017680       2058 024008400   
00한국알콜          017890       2065 024008300   
00유니슨            018000       2070 024008200   
00진로발효          018120       2056 024008300   
00지엠피            018290       2072 024008410   
00삼목에스폼        018310       2068 024008300   
00우진비앤지        018620       2066 024008400   
00서울제약          018680       2066 024008310   
00바른손            018700       2086 028009400   
00그랜드백화점      019010       2085 027009400   
00와이지-원         019210       2068 024008200   
00일지테크          019540       2075 024008410   
00SBI인베스트먼트   019550       2092 031011300   
00제미니투자        019570       2092 031011400   
00엠벤처투자        019590       2092 031011400   
10베리타스          019660       2094 031011400   
00탑금속            019770       2070 024008400   
00에너토크          019990       2070 024008400   
00대신정보통신      020180       2156 042015400   
00대동금속          020400       2068 024008400   
00시공테크          020710       2099 033012300   
00대호피앤씨        021040       2068 024008400   
00대호피앤씨우      021045       2068 024008 00   
00에이티넘인베스트  021080       2092 031011400   
00KCC건설           021320       2081 026010300   
00한국큐빅          021650       2065 024008400   
10씨엑스씨종합캐피탈021880       2092 031011400   
00포스코 ICT        022100       2099 033012202907
00애강리메텍        022220       2065 024008400   
00태광              023160       2068 024008202   
00유진기업          023410       2067 024008300   
00인테그레이티드에너023430       2158 043015410   
00제일제강          023440       2068 024008400   
00CNH               023460       2099 033012400   
00삼보판지          023600       2062 024008400   
00한국캐피탈        023760       2092 031011300   
00플레이위드        023770       2154 042015400   
00동일철강          023790       2068 024008400   
00아트라스BX        023890       2160 043015200   
00풍국주정          023900       2056 024008400   
00대한약품          023910       2066 024008300   
00흥구석유          024060       2084 027009410   
00KB오토시스        024120       2075 024008400   
00하림홀딩스        024660       2099 033012300   
00한일단조          024740       2075 024008410   
00유성티엔에스      024800       2087 029009400   
00이화전기          024810       2160 043015300   
00세원물산          024830       2075 024008400   
00갑을메탈          024840       2068 024008400   
00피에스엠씨        024850       2159 043015400   
00케이피에프        024880       2068 024008300   
00경창산업          024910       2075 024008300   
00PN풍년            024940       2068 024008410   
00삼천리자전거      024950       2084 027009300   
00부산방직          025270       2058 024008400   
00시노펙스          025320       2160 043015300   
00대성엘텍          025440       2072 024008400   
00한국선재          025550       2068 024008400   
00한국정보통신      025770       2151 041015300   
00신라에스지        025870       2056 024008400   
00케이씨피드        025880       2056 024008400   
00동화기업          025900       2099 033012310   
00동신건설          025950       2081 026010400   
00에머슨퍼시픽      025980       2106 037017400   
00로만손            026040       2077 024008300   
00특수건설          026150       2081 026010400   
00현대정보기술      026180       2156 042015300902
10아이디엔          026260       2153 042015400   
00광진실업          026910       2068 024008400   
00동서              026960       2084 027009202   
00서울전자통신      027040       2072 024008400   
00코리아나          027050       2065 024008300   
00상보              027580       2160 043015300   
00팜스토리          027710       2056 024008300   
00대성창투          027830       2092 031011400   
00파캔OPC           028040       2158 043015400   
00휴맥스홀딩스      028080       2099 033012300   
00GS홈쇼핑          028150       2152 041015202903
00에이치엘비        028300       2072 024008400   
10에이치엘비우      028305       2072 024008 00   
00케이디씨          029480       2157 043015400   
00코엔텍            029960       2107 038012300   
00NICE평가정보      030190       2110 038012300   
00가희              030270       2058 024008400   
00드래곤플라이      030350       2154 042015300   
00한글과컴퓨터      030520       2155 042015200   
00원익IPS           030530       2159 043015200   
00양지사            030960       2063 024008400   
00아이즈비전        031310       2085 027009400   
00에스에이엠티      031330       2084 027009300   
00녹십자셀          031390       2084 027009200   
00오스템            031510       2075 024008400   
00에이모션          031860       2084 027009400   
00피에스케이        031980       2159 043015300   
00C&S자산관리       032040       2100 033012300   
00아즈텍WB          032080       2058 024008400   
00다우데이타        032190       2084 027009300   
00삼일              032280       2087 029009400   
00터보테크          032420       2157 043015400   
00케이엠더블유      032500       2157 043015300   
00TJ미디어          032540       2072 024008400   
00피델릭스          032580       2159 043015410   
00유비케어          032620       2155 042015300   
00비티씨정보        032680       2084 027009400   
00비티씨정보우      032685       2084 027009 00   
00삼진              032750       2072 024008410   
00지아이블루        032790       2158 043015400   
00G러닝             032800       2102 035012400   
00우리기술          032820       2072 024008410   
00비트컴퓨터        032850       2155 042015310   
00자원              032860       2107 038012410   
00원익              032940       2084 027009400   
00동일기연          032960       2160 043015310   
00폴리비전          032980       2065 024008400   
00제이엠아이        033050       2063 024008400   
00제룡전기          033100       2160 043015410   
00이디              033110       2074 024008410   
00디지틀조선        033130       2154 042015300   
00엠케이전자        033160       2159 043015300   
00시그네틱스        033170       2159 043015200   
00모아텍            033200       2160 043015400   
00인성정보          033230       2156 042015410   
00필코전자          033290       2160 043015400   
00디케이디앤아이    033310       2068 024008400   
00제이씨현          033320       2084 027009400   
00좋은사람들        033340       2058 024008400   
00한국자원투자개발  033430       2084 027009400   
00동성화인텍        033500       2065 024008300   
00파라텍            033540       2070 024008400   
00블루콤            033560       2160 043015300   
00이젠텍            033600       2075 024008410   
00SK브로드밴드      033630       2151 041015200922
00네패스            033640       2159 043015200   
00서화정보통신      033790       2157 043015400   
00대구방송          033830       2152 041015400   
00파라다이스        034230       2106 037017202   
00해성산업          034810       2095 032012200   
00한국토지신탁      034830       2092 031011200   
00조아제약          034940       2066 024008300   
00한국기업평가      034950       2100 033012300   
00인터파크          035080       2099 033012200   
00프럼파스트        035200       2065 024008410   
00에듀박스          035290       2063 024008400   
00기산텔레콤        035460       2157 043015410   
00제이비어뮤즈먼트  035480       2157 043015310   
00KG이니시스        035600       2155 042015200   
00솔본              035610       2095 032012300   
00바른손게임즈      035620       2154 042015400   
00다음              035720       2153 042015202   
00CJ오쇼핑          035760       2152 041015202918
00이지바이오        035810       2056 024008300   
00서희건설          035890       2081 026010300   
00JYP Ent.          035900       2106 037017300   
00예림당            036000       2063 024008300   
00아비코전자        036010       2160 043015400   
00KTH               036030       2153 042015200   
00위지트            036090       2070 024008400   
00서울신용평가      036120       2100 033012400   
00씨티엘            036170       2159 043015410   
00영인프런티어      036180       2084 027009400   
00금화피에스시      036190       2082 026010300   
00유니셈            036200       2159 043015410   
10태산엘시디        036210       2160 043015400   
00인포피아          036220       2066 024008310   
00웰메이드          036260       2100 033012400   
00제이콘텐트리      036420       2099 033012210   
00대성미생물        036480       2066 024008400   
00OCI머티리얼즈     036490       2159 043015200   
00유원컴텍          036500       2159 043015300   
00STS반도체         036540       2159 043015200   
00영풍정밀          036560       2070 024008300924
00버추얼텍          036620       2084 027009400   
00온세텔레콤        036630       2151 041015300   
00HRS               036640       2065 024008400   
00KCI               036670       2065 024008410   
00코맥스            036690       2157 043015410   
00심텍              036710       2159 043015200   
00나이스정보통신    036800       2151 041015410   
00에프에스티        036810       2159 043015410   
00솔브레인          036830       2065 024008202   
00진성티이씨        036890       2070 024008300   
00주성엔지니어링    036930       2159 043015300   
00파세코            037070       2072 024008400   
00한국팩키지        037230       2062 024008400   
00인지디스플레      037330       2160 043015300   
00네오아레나        037340       2157 043015410   
00성도이엔지        037350       2099 033012400   
00EG                037370       2065 024008210   
00우리조명지주      037400       2072 024008400   
00희림              037440       2099 033012300   
00삼지전자          037460       2157 043015410   
00쎄니트            037760       2068 024008400   
10엘컴텍            037950       2160 043015400   
00제일테크노스      038010       2068 024008400   
00루멘스            038060       2159 043015200   
00서린바이오        038070       2084 027009410   
00에코플라스틱      038110       2075 024008400   
00마크로젠          038290       2099 033012310   
00쓰리원            038340       2085 027009400   
00레드캡투어        038390       2100 033012300   
00바이오스마트      038460       2158 043015410   
10동양시멘트        038500       2067 024008200   
00코아크로스        038530       2157 043015400   
00텍셀네트컴        038540       2156 042015410   
00위즈정보기술      038620       2085 027009400   
00에스넷            038680       2156 042015400   
00에코에너지        038870       2100 033012410   
10아이에이          038880       2159 043015300   
00파인디지털        038950       2157 043015300   
00현대통신          039010       2157 043015410   
00이건창호          039020       2068 024008400   
00이오테크닉스      039030       2159 043015200   
00오스코텍          039200       2066 024008410   
00솔브레인이엔지    039230       2159 043015400   
00경남스틸          039240       2068 024008400   
00인포뱅크          039290       2151 041015310   
00세중              039310       2100 033012300   
00한국경제TV        039340       2152 041015400   
00케이엘넷          039420       2151 041015400   
00에스티아이        039440       2159 043015400   
00씨앤케이인터      039530       2068 024008200   
00다산네트웍스      039560       2157 043015300   
00화성              039610       2070 024008400   
00스포츠서울        039670       2063 024008400   
00한국정보공학      039740       2084 027009400   
00위노바            039790       2084 027009400   
00오로라            039830       2099 033012410   
00디오              039840       2074 024008300   
00태창파로스        039850       2084 027009400   
00나노엔텍          039860       2074 024008310   
00리노스            039980       2156 042015300   
00누리텔레콤        040160       2155 042015410   
00YTN               040300       2152 041015300   
00큐로컴            040350       2156 042015310   
00정상제이엘에스    040420       2102 035012300   
00SG&G              040610       2087 029009310   
00와이즈파워        040670       2160 043015400   
00아이씨디          040910       2159 043015300   
00인프라웨어        041020       2155 042015310   
10아라온테크        041060       2070 024008400   
00게임하이          041140       2154 042015210   
00우리기술투자      041190       2092 031011400   
00에버다임          041440       2070 024008300   
00한국전자인증      041460       2155 042015410   
00에스엠            041510       2106 037017202   
00이라이콤          041520       2160 043015300   
00GemTech           041590       2160 043015400   
00바이오스페이스    041830       2074 024008310   
00에스텍파마        041910       2066 024008300   
00동아화성          041930       2065 024008400   
00코미팜            041960       2066 024008210   
10케이피엠테크      042040       2065 024008400   
00에스씨디          042110       2072 024008400   
00비츠로테크        042370       2072 024008300   
00네오위즈홀딩스    042420       2099 033012300   
00링네트            042500       2156 042015400   
00라온시큐어        042510       2157 043015410   
00한스바이오메드    042520       2066 024008310   
00새로닉스          042600       2160 043015400   
10르네코            042940       2082 026010400   
00팜스웰바이오      043090       2084 027009410   
00솔고바이오        043100       2074 024008400   
00바텍              043150       2074 024008300   
00파루              043200       2160 043015410   
00경원산업          043220       2157 043015400   
00성호전자          043260       2160 043015410   
00케이맥            043290       2074 024008410   
00에쎈테크          043340       2070 024008400   
00디지아이          043360       2158 043015410   
00평화정공          043370       2075 024008200   
00에임하이          043580       2159 043015400   
00크로바하이텍      043590       2159 043015300   
00KT뮤직            043610       2154 042015300   
00국순당            043650       2056 024008300   
00다스텍            043710       2077 024008400   
00자연과환경        043910       2068 024008400   
00조광ILI           044060       2070 024008400   
00국제디와이        044180       2070 024008400   
00위닉스            044340       2072 024008400   
00유니더스          044480       2065 024008400   
00태웅              044490       2068 024008200   
00한광              044780       2070 024008410   
00이-글 벳          044960       2066 024008400   
00오공              045060       2065 024008400   
00한양이엔지        045100       2099 033012300   
00성우테크론        045300       2159 043015400   
00토탈소프트        045340       2155 042015410   
00대아티아이        045390       2155 042015300   
00정원엔시스        045510       2156 042015400   
00크린앤사이언스    045520       2062 024008400   
00에이텍            045660       2158 043015410   
00동부라이텍        045890       2072 024008400   
00비에스이          045970       2099 033012300   
00코다코            046070       2075 024008400   
00한일네트웍스      046110       2156 042015400   
00오르비텍          046120       2099 033012400   
00SBS콘텐츠허브     046140       2106 037017200   
00파나진            046210       2074 024008400   
00백금T&A           046310       2084 027009400   
00삼화네트웍스      046390       2106 037017400   
10디브이에스        046400       2158 043015400   
00KG모빌리언스      046440       2155 042015200   
00서울반도체        046890       2159 043015202   
00우원개발          046940       2082 026010400   
00우리로광통신      046970       2157 043015410   
00한빛소프트        047080       2154 042015400   
00파워로직스        047310       2160 043015300   
00레이젠            047440       2160 043015400   
00이스트소프트      047560       2154 042015310   
00코데즈컴바인      047770       2058 024008400   
00초록뱀            047820       2106 037017410   
00오스템임플란트    048260       2074 024008200   
00현대아이비티      048410       2158 043015400   
00유라테크          048430       2072 024008410   
00대동스틸          048470       2068 024008410   
00인트론바이오      048530       2066 024008300   
00SM C&C            048550       2100 033012300   
00TPC               048770       2070 024008400   
00엔피케이          048830       2065 024008400   
00코아로직          048870       2159 043015400   
00대원미디어        048910       2106 037017300   
00인탑스            049070       2160 043015200   
00기가레인          049080       2160 043015 10   
00파인디앤씨        049120       2160 043015400   
00셀루메드          049180       2066 024008310   
00코메론            049430       2074 024008400   
00SGA               049470       2155 042015410   
00오픈베이스        049480       2156 042015400   
00유아이엘          049520       2160 043015300   
00잉크테크          049550       2065 024008310   
00재영솔루텍        049630       2160 043015400   
00고려신용정보      049720       2100 033012400   
00승일              049830       2077 024008400   
00미래컴퍼니        049950       2070 024008300   
00쎌바이오텍        049960       2066 024008310   
00휘닉스소재        050090       2160 043015300   
00캠시스            050110       2160 043015300   
00라이브플렉스      050120       2084 027009300   
00아남정보기술      050320       2156 042015410   
00엠피씨            050540       2100 033012400   
00에스폴리텍        050760       2065 024008410   
00아세아텍          050860       2070 024008400   
00쏠리드            050890       2157 043015310   
00지어소프트        051160       2155 042015400   
00루보              051170       2070 024008400   
00토비스            051360       2158 043015410   
00인터플렉스        051370       2160 043015202   
00피씨디렉트        051380       2084 027009400   
00영우통신          051390       2157 043015410   
00나라엠앤디        051490       2070 024008400   
00CJ프레시웨이      051500       2084 027009200918
00큐로홀딩스        051780       2084 027009400   
00SNH               051980       2157 043015410   
00에스티큐브        052020       2160 043015410   
00소프트맥스        052190       2154 042015300   
00iMBC              052220       2154 042015300   
00바이오랜드        052260       2065 024008300   
00우전앤한단        052270       2160 043015300   
00트레이스          052290       2160 043015310   
00승화산업          052300       2090 029009400   
00코텍              052330       2158 043015300   
00코나아이          052400       2155 042015300   
00오성엘에스티      052420       2070 024008300   
00아이크래프트      052460       2156 042015400   
00한네트            052600       2151 041015400   
00제일바이오        052670       2066 024008400   
00아모텍            052710       2160 043015310   
00와이디온라인      052770       2154 042015300   
00액토즈소프트      052790       2154 042015200   
00아이앤씨          052860       2159 043015410   
00비아이이엠티      052900       2159 043015400   
00바이넥스          053030       2066 024008310   
00지에스이          053050       2079 025014400   
00세동              053060       2075 024008400   
00소리바다          053110       2154 042015410   
00프리엠스          053160       2072 024008400   
00금강철강          053260       2068 024008400   
00구영테크          053270       2075 024008400   
00예스24            053280       2153 042015300   
00능률교육          053290       2063 024008400   
10테라리소스        053320       2084 027009200   
00와이제이브릭스    053330       2070 024008400   
00이니텍            053350       2155 042015310   
00세코닉스          053450       2074 024008300   
00한국테크놀로지    053590       2085 027009410   
00한국테크놀로지우  053595       2085 027009 10   
00프로텍            053610       2159 043015300   
00태양              053620       2068 024008400   
00현진소재          053660       2068 024008300   
00삼보모터스        053700       2075 024008400   
00국제엘렉트릭      053740       2159 043015300   
00안랩              053800       2155 042015202   
10유비프리시젼      053810       2070 024008400   
00GT&T              053870       2157 043015410   
00경남제약          053950       2066 024008400   
00오상자이엘        053980       2156 042015300   
00한국컴퓨터        054040       2160 043015400   
00농우바이오        054050       2050 021013200   
00삼진엘앤디        054090       2160 043015400   
00중앙오션          054180       2075 024008400   
00이랜텍            054210       2160 043015300   
00비츠로시스        054220       2072 024008400   
00헤스본            054300       2070 024008410   
00피앤텔            054340       2160 043015400   
00케이피티          054410       2068 024008410   
00텔레칩스          054450       2159 043015410   
00삼영엠텍          054540       2068 024008400   
00AP시스템          054620       2159 043015300   
00에이디칩스        054630       2084 027009410   
00대한뉴팜          054670       2066 024008300   
00키이스트          054780       2106 037017300   
00아이디스홀딩스    054800       2099 033012300   
00소프트포럼        054920       2155 042015400   
00유신              054930       2099 033012400   
00엑사이엔씨        054940       2082 026010410   
00제이브이엠        054950       2070 024008200   
00코원              056000       2158 043015410   
00유진로봇          056080       2070 024008410   
00에스에프에이      056190       2070 024008202   
00CU전자            056340       2160 043015400   
00코위버            056360       2157 043015410   
00신화인터텍        056700       2065 024008300   
00아큐픽스          056730       2072 024008410   
00YBM시사닷컴       057030       2102 035012300   
00SKC 솔믹스        057500       2159 043015400   
00옴니시스템        057540       2074 024008400   
00옴니텔            057680       2154 042015410   
00토필드            057880       2157 043015410   
00아리온            058220       2157 043015400   
00금성테크          058370       2084 027009400   
00KNN               058400       2152 041015300   
00제이웨이          058420       2106 037017400   
00일야              058450       2160 043015400   
00리노공업          058470       2159 043015200   
00이큐스앤자루      058530       2070 024008410   
00에스피지          058610       2160 043015400   
00엠게임            058630       2154 042015400   
00CMG제약           058820       2066 024008300   
00미코              059090       2159 043015400   
00아이컴포넌트      059100       2160 043015310   
00메타바이오메드    059210       2066 024008410   
00인선이엔티        060150       2107 038012300   
00이그잭스          060230       2065 024008410   
00아이넷스쿨        060240       2102 035012400   
00한국사이버결제    060250       2155 042015300   
00뉴보텍            060260       2065 024008410   
00큐렉소            060280       2085 027009310   
00레드로버          060300       2106 037017310   
003S                060310       2159 043015210   
00KT서브마린        060370       2082 026010400   
00동양에스텍        060380       2068 024008400   
00에스에이티        060540       2157 043015410   
00홈센타            060560       2084 027009400   
00아이리버          060570       2158 043015300   
00씨티씨바이오      060590       2084 027009200   
00KH바텍            060720       2160 043015200   
00에어파크          060900       2082 026010400   
10프리젠            060910       2160 043015400   
00알에프텍          061040       2157 043015300   
00화일약품          061250       2066 024008300   
10한진피앤씨        061460       2065 024008300   
00엘비세미콘        061970       2159 043015300   
00티엘아이          062860       2159 043015400   
00게임빌            063080       2154 042015212   
00서울옥션          063170       2084 027009400   
00케이디미디어      063440       2063 024008400   
00한국전자금융      063570       2151 041015400   
00휴바이론          064090       2157 043015400   
00홈캐스트          064240       2157 043015400   
00다날              064260       2154 042015200   
00인텍플러스        064290       2159 043015410   
00브리지텍          064480       2156 042015410   
00바른전자          064520       2159 043015400   
00바이오니아        064550       2066 024008300   
00티씨케이          064760       2159 043015300   
00필링크            064800       2156 042015400   
00소셜미디어99      064820       2075 024008400   
00지엔코            065060       2058 024008300   
00탑엔지니어링      065130       2070 024008300   
00MPK               065150       2084 027009300   
00에프티이앤이      065160       2082 026010300   
00엔알디            065170       2084 027009400   
00피에스앤지        065180       2082 026010400   
00플렉스컴          065270       2160 043015200   
00신성델타테크      065350       2072 024008400   
00에스아이리소스    065420       2084 027009300   
00이루온            065440       2155 042015410   
00빅텍              065450       2074 024008410   
00오리엔트정공      065500       2075 024008400   
00휴비츠            065510       2074 024008300   
00전파기지국        065530       2151 041015410   
00큐브스            065560       2155 042015400   
00삼영이엔씨        065570       2157 043015400   
00샤인              065620       2068 024008310   
00메디프론          065650       2084 027009300   
00우주일렉트로      065680       2160 043015200   
00대진디엠피        065690       2065 024008400   
00서호전기          065710       2072 024008400   
00CS                065770       2157 043015410   
00케이에스씨비      065940       2065 024008300   
00웰크론            065950       2058 024008410   
00백산OPC           066110       2158 043015410   
00하츠              066130       2072 024008400   
00SK컴즈            066270       2153 042015200   
00큐에스아이        066310       2159 043015400   
00티에스엠텍        066350       2070 024008400   
00캔들미디어        066410       2154 042015400   
00케이엠알앤씨      066430       2084 027009400   
00우수AMS           066590       2075 024008400   
00국보디자인        066620       2082 026010400   
00디스플레이텍      066670       2160 043015300   
00테라젠이텍스      066700       2066 024008310   
00씨씨에스          066790       2152 041015400   
00디에이피          066900       2160 043015300   
00손오공            066910       2077 024008300   
00엘앤에프          066970       2160 043015310   
00하이쎌            066980       2160 043015300   
00조이시티          067000       2154 042015310   
00이씨에스          067010       2158 043015410   
00대화제약          067080       2066 024008300   
00아프리카TV        067160       2155 042015300   
00오텍              067170       2075 024008300   
00크레듀            067280       2154 042015300   
00JW중외신약        067290       2066 024008300   
00하나마이크론      067310       2159 043015300   
00엔브이에이치코리아067570       2075 024008 00   
00에너지솔루션      067630       2099 033012410   
00세진티에스        067770       2160 043015410   
00와이엔텍          067900       2107 038012400   
00이글루시큐리티    067920       2155 042015410   
00도이치모터스      067990       2083 027009410   
00팬엔터테인먼트    068050       2106 037017410   
00KCW               068060       2075 024008400   
00엔티피아          068150       2058 024008400   
00다원시스          068240       2160 043015310   
00셀트리온          068270       2066 024008202   
00일신바이오        068330       2070 024008400   
00셀트리온제약      068760       2066 024008300   
00DMS               068790       2070 024008300   
00디지털대성        068930       2102 035012410   
00아이씨케이        068940       2158 043015410   
00웹젠              069080       2154 042015200   
00코스온            069110       2084 027009310   
00누리플랜          069140       2068 024008410   
00유아이디          069330       2160 043015310   
00엔텔스            069410       2155 042015410   
00에스텍            069510       2072 024008400   
00빛과전자          069540       2157 043015410   
00아이에스이커머스  069920       2085 027009400   
00솔라시아          070300       2155 042015410   
00에버테크노        070480       2070 024008400   
00한솔인티큐브      070590       2156 042015400   
00인피니트헬스케어  071200       2155 042015300   
00로체시스템즈      071280       2072 024008400   
00에이테크솔루션    071670       2070 024008300   
00에이스하이텍      071930       2159 043015400   
00중앙백신          072020       2066 024008310   
00우리산업          072470       2075 024008400   
00태양기전          072520       2160 043015310   
00아로마소프트      072770       2155 042015400   
00메가스터디        072870       2102 035012202   
00빛샘전자          072950       2159 043015400   
00케이에스피        073010       2070 024008410   
00넥센테크          073070       2075 024008400   
00엘엠에스          073110       2160 043015300   
00듀오백코리아      073190       2077 024008400   
00이노와이어리스    073490       2157 043015310   
00에프알텍          073540       2157 043015410   
00프롬써어티        073570       2159 043015410   
00삼원테크          073640       2068 024008410   
10엠텍비젼          074000       2159 043015400   
00디아이디          074130       2160 043015300   
00창해에너지어링    074150       2081 026010400   
00아미노로직스      074430       2159 043015310   
00원익QnC           074600       2067 024008300   
00플랜티넷          075130       2156 042015310   
00동국알앤에스      075970       2067 024008400   
00웰크론한텍        076080       2070 024008310   
00해성옵틱스        076610       2160 043015 10   
00다윈텍            077280       2159 043015400   
00덕산하이메탈      077360       2159 043015202   
00이트레이드증권    078020       2094 031011200   
00유비쿼스          078070       2157 043015300   
00국일제지          078130       2062 024008400   
00대봉엘에스        078140       2066 024008400   
00HB테크놀러지      078150       2070 024008410   
00메디포스트        078160       2066 024008212   
00컴투스            078340       2154 042015210   
00한양디지텍        078350       2159 043015400   
00두올산업          078590       2075 024008400   
00대주전자재료      078600       2160 043015310   
00코렌              078650       2074 024008400   
00아이디에스        078780       2160 043015400   
00포인트아이        078860       2155 042015400   
00가온미디어        078890       2157 043015400   
00일경산업개발      078940       2068 024008400   
00와토스코리아      079000       2065 024008400   
00한창산업          079170       2068 024008400   
00EMW               079190       2157 043015410   
00제우스            079370       2070 024008400   
00서산              079650       2067 024008410   
00디이엔티          079810       2070 024008410   
00가비아            079940       2153 042015410   
00LIG에이디피       079950       2070 024008300   
00동양이엔피        079960       2160 043015300   
00투비소프트        079970       2155 042015410   
00에스엔유          080000       2070 024008310   
00이상네트웍스      080010       2153 042015400   
00모두투어          080160       2100 033012200   
00제주반도체        080220       2159 043015300   
00이노칩            080420       2160 043015300   
00세진전자          080440       2075 024008400   
00성창오토텍        080470       2075 024008400   
00오디텍            080520       2159 043015300   
00코디에스          080530       2070 024008410   
00티플랙스          081150       2068 024008400   
00세미텍            081220       2159 043015400   
00성우전자          081580       2160 043015300   
00넥스지            081970       2155 042015410   
00옵트론텍          082210       2160 043015200   
00젬백스            082270       2070 024008200   
00피엘에이          082390       2160 043015400   
00크루셜엠스        082660       2160 043015300   
00루미마이크로      082800       2159 043015300   
00우리이티아이      082850       2160 043015300   
00비츠로셀          082920       2160 043015310   
00실리콘화일        082930       2159 043015410   
00엘오티베큠        083310       2159 043015410   
00GST               083450       2159 043015410   
00KJ프리텍          083470       2160 043015410   
00케이엠            083550       2058 024008410   
00윈포넷            083640       2157 043015410   
00비에이치아이      083650       2070 024008200   
00젠트로            083660       2065 024008400   
00크리스탈          083790       2098 033012300   
00아바코            083930       2070 024008300   
00휴온스            084110       2066 024008300   
00수성              084180       2070 024008410   
00유진테크          084370       2159 043015200   
00팅크웨어          084730       2157 043015300   
00바이로메드        084990       2098 033012200   
00루트로닉          085370       2074 024008410   
00차바이오앤        085660       2066 024008202   
00뉴프렉스          085670       2160 043015400   
00알티캐스트        085810       2155 042015 00   
00네오티스          085910       2070 024008410   
00바이오톡스텍      086040       2098 033012410   
00진바이오텍        086060       2056 024008400   
00씨앤비텍          086200       2157 043015400   
00화신테크          086250       2070 024008400   
00유니테스트        086390       2159 043015410   
00동국제약          086450       2066 024008300   
00에코프로          086520       2160 043015310   
00비엠티            086670       2070 024008410   
00신양              086830       2160 043015300   
00이수앱지스        086890       2066 024008300   
00메디톡스          086900       2066 024008210   
00MDS테크           086960       2155 042015300   
00미디어플렉스      086980       2106 037017300   
00스틸플라워        087220       2068 024008310   
00네패스신소재      087730       2159 043015410   
00동아엘텍          088130       2070 024008400   
00이원컴포텍        088290       2075 024008400   
00이녹스            088390       2160 043015300   
00에이스테크        088800       2157 043015400   
00동우              088910       2056 024008300   
00켐트로닉스        089010       2160 043015300   
00테크윙            089030       2159 043015310   
00넥스턴            089140       2070 024008400   
00케이씨티          089150       2156 042015410   
00용현BM            089230       2068 024008400   
00아이테스트        089530       2159 043015300   
00나스미디어        089600       2099 033012 00   
00제이티            089790       2159 043015410   
00유비벨록스        089850       2155 042015310   
00고려반도체        089890       2159 043015410   
00상아프론테크      089980       2065 024008400   
00잘만테크          090120       2160 043015400   
00광진윈텍          090150       2075 024008410   
00로보스타          090360       2070 024008410   
00비에이치          090460       2160 043015300   
00AST젯텍           090470       2159 043015410   
00동부로봇          090710       2070 024008400   
00SIMPAC METALLOY   090730       2068 024008300   
00연이정보통신      090740       2160 043015400   
00이엠텍            091120       2160 043015300   
00S&K폴리텍         091340       2160 043015410   
00텔레필드          091440       2157 043015410   
00상신이디피        091580       2160 043015410   
00남화토건          091590       2081 026010400   
00디지텍시스템      091690       2160 043015300   
00파트론            091700       2160 043015202   
00나노캠텍          091970       2065 024008400   
00아미코젠          092040       2056 024008 00   
00디엔에프          092070       2065 024008310   
00이크레더블        092130       2110 038012300   
00현우산업          092300       2160 043015400   
00한라IMS           092460       2075 024008410   
00넥스트칩          092600       2159 043015310   
00네오팜            092730       2065 024008410   
00빅솔론            093190       2158 043015300   
00케이아이엔엑스    093320       2153 042015410   
00풍강              093380       2068 024008400   
00매커스            093520       2084 027009400   
00다믈멀티미디어    093640       2159 043015410   
00서원인텍          093920       2160 043015300   
00이엘케이          094190       2160 043015200   
00갤럭시아컴즈      094480       2155 042015300   
00일진에너지        094820       2070 024008300   
00슈프리마          094840       2156 042015210   
00참좋은레져        094850       2084 027009300   
00코닉글로리        094860       2156 042015410   
00푸른기술          094940       2158 043015400   
00제이엠티          094970       2160 043015410   
00이엠코리아        095190       2070 024008310   
00웨이브일렉트로    095270       2160 043015310   
00엔에스브이        095300       2070 024008400   
00ISC               095340       2159 043015310   
00미래나노텍        095500       2160 043015200   
00테스              095610       2159 043015410   
00네오위즈게임즈    095660       2154 042015202   
00제넥신            095700       2098 033012300   
00에스에너지        095910       2160 043015300   
00이트론            096040       2155 042015410   
00청담러닝          096240       2102 035012300   
00대창솔루션        096350       2068 024008400   
00씨젠              096530       2066 024008212   
00알에프세미        096610       2159 043015310   
00에스코넥          096630       2160 043015310   
00멜파스            096640       2160 043015202   
00세우테크          096690       2158 043015410   
00엘디티            096870       2159 043015400   
00엠씨넥스          097520       2160 043015400   
00에스맥            097780       2160 043015200   
00윈팩              097800       2159 043015 00   
00효성오앤비        097870       2065 024008400   
00마이크로컨텍솔    098120       2159 043015400   
00고영              098460       2070 024008200   
00에스티오          098660       2058 024008400   
00아이센스          099190       2074 024008 10   
00SDN               099220       2084 027009400   
00쎄트렉아이        099320       2157 043015310   
00동방선기          099410       2075 024008400   
00SMEC              099440       2070 024008410   
00ITX시큐리티       099520       2157 043015410   
00한솔신텍          099660       2068 024008300   
00씨그널정보통신    099830       2156 042015400   
00모바일리더        100030       2155 042015400   
00삼강엠앤티        100090       2068 024008400   
00뷰웍스            100120       2074 024008310   
00동국S&C           100130       2068 024008300   
00서암기계공업      100660       2070 024008400   
00세운메디칼        100700       2066 024008300   
00디엠씨            101000       2070 024008400   
00월덱스            101160       2159 043015410   
00우림기계          101170       2070 024008300   
00씨큐브            101240       2065 024008410   
00모베이스          101330       2160 043015300   
00아이엠            101390       2084 027009300   
00네오피델리티      101400       2159 043015410   
00에스앤에스텍      101490       2159 043015410   
00코리아에스이      101670       2068 024008410   
00한국정밀기계      101680       2070 024008300   
00조이맥스          101730       2154 042015300   
00인화정공          101930       2075 024008400   
00우양에이치씨      101970       2068 024008300   
00어보브반도체      102120       2159 043015410   
00해덕파워웨이      102210       2075 024008400   
00이엔에프테크놀로지102710       2065 024008300   
00코오롱생명과학    102940       2066 024008200   
00에스앤더블류      103230       2070 024008400   
00대성파인텍        104040       2075 024008410   
00네오위즈인터넷    104200       2154 042015300   
00동양피엔에프      104460       2070 024008410   
00티케이케미칼      104480       2065 024008300   
00코렌텍            104540       2074 024008 00   
00원익머트리얼즈    104830       2159 043015300   
00케이엔더블유      105330       2160 043015410   
00디케이락          105740       2070 024008300   
00하이소닉          106080       2160 043015410   
00하이텍팜          106190       2066 024008300   
00파인테크닉스      106240       2160 043015310   
00디지탈옵틱        106520       2074 024008310   
00톱텍              108230       2070 024008200   
00실리콘웍스        108320       2159 043015200   
00대양전기공업      108380       2075 024008300   
00디오텍            108860       2155 042015410   
00옵티시스          109080       2157 043015410   
00디에스케이        109740       2070 024008400   
00진매트릭스        109820       2098 033012400   
00동일금속          109860       2068 024008300   
00이너스텍          109960       2157 043015410   
10모린스            110310       2160 043015400   
00유니드코리아      110500       2070 024008410   
00승화프리텍        111610       2082 026010400   
00처음앤씨          111820       2153 042015410   
00삼본정밀전자      111870       2072 024008300   
00위메이드          112040       2154 042015202   
00에스에프씨        112240       2065 024008400   
00디젠스            113810       2075 024008400   
00크루셜텍          114120       2160 043015300   
00웰크론강원        114190       2068 024008410   
00KPX생명과학       114450       2066 024008410   
00에스이티아이      114570       2159 043015410   
00우노앤컴퍼니      114630       2065 024008410   
00아이원스          114810       2160 043015 00   
00휴맥스            115160       2157 043015200   
00인포바인          115310       2151 041015310   
00우리넷            115440       2157 043015410   
00디지탈아리아      115450       2155 042015410   
00씨유메디칼        115480       2074 024008310   
00케이씨에스        115500       2156 042015400   
00씨엔플러스        115530       2160 043015410   
00스타플렉스        115570       2065 024008400   
00이미지스          115610       2159 043015410   
00알파칩스          117670       2159 043015400   
00포메탈            119500       2068 024008400   
00인터로조          119610       2074 024008310   
00아이텍반도체      119830       2159 043015400   
00지엔씨에너지      119850       2072 024008 10   
00다나와            119860       2153 042015410   
00대정화금          120240       2065 024008400   
00골프존            121440       2155 042015202   
00나노신소재        121600       2065 024008310   
00티브이로직        121800       2157 043015410   
00코이즈            121850       2160 043015310   
00에스디시스템      121890       2158 043015410   
00삼기오토모티브    122350       2075 024008310   
00KMH               122450       2152 041015310   
00서진오토모티브    122690       2075 024008400   
00케이티롤          122800       2068 024008400   
00와이지엔터테인먼트122870       2106 037017202   
00와이솔            122990       2159 043015300   
00엠에스오토텍      123040       2075 024008410   
00테라세미콘        123100       2159 043015300   
00사파이어테크놀로지123260       2159 043015300   
00제닉              123330       2065 024008300   
00코리아에프티      123410       2075 024008300   
00선데이토즈        123420       2154 042015400   
00이엠넷            123570       2099 033012400   
00알톤스포츠        123750       2075 024008410   
00한일진공          123840       2070 024008400   
00아나패스          123860       2159 043015300   
00코프라            126600       2065 024008400   
00화신정공          126640       2075 024008400   
00하이비젼시스템    126700       2074 024008310   
00뉴로스            126870       2070 024008410   
00제이엔케이히터    126880       2070 024008300   
00디엔에이링크      127120       2098 033012400   
00피제이메탈        128660       2068 024008400   
00금호엔티          130500       2058 024008 00   
00나이스디앤비      130580       2100 033012400   
00티피씨글로벌      130740       2075 024008400   
00CJ E&M            130960       2152 041015202   
00디에이치피코리아  131030       2066 024008400   
00시큐브            131090       2155 042015410   
00리켐              131100       2160 043015410   
00딜리              131180       2158 043015410   
00대한과학          131220       2084 027009410   
00티에스이          131290       2159 043015300   
00케이비게임앤앱스스131370       2094 031011400   
00피앤이솔루션      131390       2072 024008410   
00액트              131400       2160 043015400   
00테스나            131970       2159 043015 10   
00이퓨쳐            134060       2063 024008410   
00디엠티            134580       2157 043015 00   
00화진              134780       2075 024008410   
00하림              136480       2056 024008300   
00쎄미시스코        136510       2070 024008410   
00윈스테크넷        136540       2155 042015300   
00피엔티            137400       2070 024008410   
00넥스트아이        137940       2074 024008410   
00제이씨케미칼      137950       2065 024008400   
00신진에스엠        138070       2068 024008310   
00에이씨티          138360       2065 024008 10   
00나이벡            138610       2066 024008400   
00엘티에스          138690       2159 043015410   
00경봉              139050       2156 042015410   
00넥스트리밍        139670       2155 042015400   
00메지온            140410       2098 033012300   
00비아트론          141000       2159 043015310   
00포티스            141020       2157 043015 10   
00맥스로텍          141070       2070 024008410   
00레고켐바이오      141080       2066 024008 00   
00아이디스          143160       2157 043015300   
00사람인에이치알    143240       2153 042015310   
00제룡산업          147830       2068 024008400   
00모다정보통신      149940       2157 043015410   
00아바텍            149950       2160 043015300   
00인트로메딕        150840       2074 024008 00   
00파수닷컴          150900       2155 042015 00   
00KG ETS            151860       2079 025014 00   
00나노스            151910       2160 043015300   
00네이블            153460       2155 042015310   
00우리이앤엘        153490       2159 043015 00   
00와이엠씨          155650       2160 043015300   
00지디              155960       2160 043015 10   
00세호로보트        158310       2070 024008 10   
00삼목강업          158380       2075 024008 00   
00제로투세븐        159580       2084 027009 00   
00CS엘쏠라          159910       2159 043015 10   
00미동전자통신      161570       2158 043015 10   
00내츄럴엔도텍      168330       2098 033012 10   
00현대공업          170030       2075 024008 00   
00파이오링크        170790       2157 043015 10   
00엘티씨            170920       2159 043015 10   
00램테크놀러지      171010       2159 043015 10   
00라이온켐텍        171120       2065 024008 00   
00우리스팩2호       182360       2094 031011 00   
00키움스팩2호       184230       2094 031011 00   
00차이나그레이트    900040       2000 000000 00   
00글로벌에스엠      900070       2000 000000 00   
00에스앤씨엔진그룹  900080       2000 000000 00   
00차이나하오란      900090       2000 000000 00   
00뉴프라이드        900100       2000 000000 00   
00이스트아시아홀딩스900110       2000 000000 00   
00씨케이에이치      900120       2000 000000 00   
00웨이포트          900130       2000 000000 00   
00완리              900180       2000 000000 00   
00SBI액시즈         950110       2000 000000 00   
00엑세스바이오(Reg.S950130       2000 000000 00   
